# OSV-5M frozen corpus.
# Regenerate with: node src/sample.ts --freeze
# seed: train-v2
# role: superseded
# size: 2000
# fingerprint: 749e16042b41
# counterpart: 9e61de361b4c
# rejected: 21
1000184947185715
1000834543992438
1005610426640187
1006442963094082
1007114670032558
1007571866714652
1008151256597783
1009359906649914
1012336792916796
1012908519242002
1014202159113566
1018222545785752
1018847975519309
1025402571200591
1029000427630876
1033520957411061
1034719777272061
1035784310160779
1040988220010931
1050021725526834
1055117518350803
1056564741952328
1059377374589145
1062625577815188
106268594863495
1064734917398395
106550511794559
1065746177162282
1065955857261804
106852454811666
1069616903525507
1069714390468708
1070256200421131
1073489013174268
1074131410076453
1075631136259137
1089630461560522
109021024596659
1090627471449778
1091149901410323
1091866564681680
1096894500833112
1097717794052951
1100839523742031
1103525050116855
1103668206982159
1110051993100915
1110783136098050
1112977109186537
1113888009097198
1114491185723968
1116104245805737
1116205885543485
1116575888852919
111908714276956
1120270815116474
1121001268411069
1122011428298451
1123747091439390
1123889794754122
1124197211397434
1124709584691906
1126705471169466
1127734451059021
1128279617667165
1131106934053513
1132427237220294
1133157847096685
1138144456590992
1138176703415940
1140010239847176
1140330229820972
1140562146421659
114061580749037
1141136243051775
1141648319595444
1142700202917416
1142733316562443
114299207379353
1143843042770618
1143931259513613
1144014676099783
1145007799375506
1147497572381215
1148563528923466
1150079148844056
1150175652402476
115035061197808
1150360922102089
1153463581779993
1154057885066374
1154619181653489
1155218911565980
1155348818315968
1155837008221597
1156479174877231
1159723261118692
1160222741089842
1160580964424850
116236203872346
1164121807342361
1167273743713609
1168226773590423
1169155313498154
1170015203451379
1170237013429562
1172894389803150
1173531403084502
1175339142919391
117539960893548
1177148412766758
1177418063190229
1177516149360241
1178210155947563
1180300995725561
1182204272251313
1183839742042258
1184620001969317
1187737001672836
1189051474971092
1190405568087928
1192513171187337
119406323494205
1194104817676524
119628577133242
1196965714081763
1198190147284220
1205221209907044
1207072029730374
1207676542994323
1207843742994941
1211029049684170
1214353975646591
1214639422287981
1217665405343794
1219356575288150
121940969926246
1219781525468389
1227589477698877
1230573320691599
1231826503914908
1232180784306191
1235638293560533
1235725056845406
1236816206737452
1237458380071804
1240623006513323
1246299992454376
1246502925952561
1261420964275008
126441536100385
1272788693544811
127331076012875
127403012675881
127565256064386
127912873108755
128159122948421
128198979300311
128478742574065
1287922494935301
1289083801488709
1290277758033700
1293553477801042
1303432680050264
1308502789577701
1313030425765413
131718878974907
131720128909890
132557899137367
133218998850726
1336186343420323
133817612099164
134117215423975
1341553332895335
1342336756147429
1343228942724695
134426871958106
134581041992754
134667575685636
134916905249870
134982051955708
1349929768726218
135088911928188
1351953961845019
135246411916355
1353150128404494
135493908622566
135775055252271
135820958535007
136042991893165
136073375236474
1362115740839347
1363173650710901
136438981813441
136639121848114
1366858870446931
136720378433546
137153181794400
137311545075227
137493051740553
137542321652645
137680115049975
1377797035933212
1384002295305053
1385189168513942
138636528260467
1386798861845563
1388282081547916
1389068414793721
138996628451652
1389967551388828
1391426417857280
1391557927868580
139213344933709
139215638233220
1393520891013909
1394078704308720
139649791479342
139734641459038
139875294911908
139960174846840
140045738150789
140166604760492
1404157466609643
140483958109588
1405594519817025
1407468076391195
141147341327631
141374277912899
141477794571128
1416652258706461
1419033928911801
142304117797429
142373077791070
1427355214291650
142884571092652
1429218644089225
1434482803552536
1435020413525636
143782184423327
144116594350672
1442543136262887
144316567707694
1445834062461560
1453351781681153
1453651458178574
145638847466243
145956230779817
146040270840049
1464282147287218
1467544483588128
147014920777975
1470176070084726
1470508946624911
1473289429740395
1475307189480749
147533924012244
1476883635976321
1477875695901366
1483206522040932
148462080489076
148558390617158
148954451196869
149311241054329
1498133620538816
149940357104022
150481357086830
150858196983363
150884530989028
150910257292249
150967853610991
151014090701700
1510716049280121
151107490297043
151584063592799
1516364212093532
151797376952092
151890693617320
152188406782124
1523872957956222
153018800402394
1532802770401539
153339700720360
153466920126585
1537407830126110
154046299932366
154770379860078
155081286472799
155250306487512
155410963256649
1558183964379807
1570148099847724
157031423048221
157255986251010
157593746266435
157689516310234
1577226569370154
157744736277667
157770242972846
157776486348145
158090176564594
158296322882329
158474746155589
158605456212036
158888306191707
159002386178276
159349319478170
159525386128392
159761279437863
1597843543921662
1598164197048796
1598365730367119
160112219383700
160840749785507
160865596046106
1608836872645242
161007179204477
161101913039814
161284455866647
161535355977143
1621824691540602
162650602456959
162958062431015
1634953850031405
1636679213198004
163761962352185
163884055548625
164088062384869
164221108885342
164808842525892
165185892204000
165248865507528
165876708776080
165881615448324
166136935445156
1662939457232665
166327755320726
166426785385090
166429632052260
166580482021386
1668529003486997
166933172029624
167118045329778
167718382020564
167730815190387
1678059705712312
168248428520881
1682874415235566
168527955164809
168743155046403
168975908520653
169302601675572
169692825034856
169809631708315
170121545022782
170377084996913
170418521676782
170436974874458
170488114995348
170521914996101
170584714879519
170627021732035
171205434904052
171508308209545
171561661636674
1716997625356551
1720278514846210
1720363964818400
172496741462492
172602017974877
173564341337493
173592881210274
173856154652964
174074521260701
174094467835454
174252961271063
174311024576087
174598754536869
174840834432536
174969101204914
175204497814735
175537637784328
1758517770998132
176048844398220
1760868744121857
176093627726479
176193037634007
176316974370127
176719734352540
1771062003074588
177498334160339
177811930768421
178039811262004
178371110836892
178399660853576
1785492034991048
178794467427755
178931784645709
179332784082339
1793735287464364
179609504045611
1796840060485935
179762514026934
1805607672974983
180782223809734
180802810469772
181235317219669
1812572782255684
181297797109798
1815096498651336
1816925085134254
182272297097923
182314590452205
182345757505144
182815783613597
182876234213369
183016140336293
183422230220966
183874606940606
1838822739620503
184041046927876
184130036895662
1843951012426207
1847957972044088
185577700095106
185642386644036
1860299624120339
186032050061168
186283916700918
1863339487149992
186406233308316
1865818946925847
186625126648053
1866305200199946
186674856668137
187252186585450
1872609769555771
187559126563657
1876235305878116
1877680872396306
187946436516335
188264863159346
1882828308561702
1886455711510400
188680093571034
1888299951325448
188859046478931
189428559691942
189440973540262
189606749553432
1897714983726194
1898530220308918
1905234076308903
1908512022659071
1911920398970548
191413352804278
191569479478255
191708249970234
1923154831175582
193137449223562
193415716162794
1934297990083762
193558802497347
1936978979788406
1940264669462354
1949900768547022
1953150998157371
195400005644113
196119892346077
1964943976993376
196773098791638
197040392084651
197115765571377
1975024422652880
197769198839321
1978015872349792
198053762142202
198060348654256
1981661528669150
198255538801872
1982955568509610
199214885183456
199399975357050
199403998690456
2003498469855423
200695895220451
200856075438099
201069365020895
201150331634579
202081011577114
2021230464723886
202808988270246
203190048077833
203640398026358
2040891692717142
204278134616530
204321711293431
204743278625070
204992844887146
2053417578142791
205441568197518
206029421139048
206040198063161
207261925054029
2073402289483308
207460400929666
207472640957131
207781600937162
207783274490993
208695910929532
209090550774055
210379724650500
210565967238121
210876667195816
2120346958141330
212202970474930
213121170266879
213166743685089
213182687017162
213443306900128
213520410357237
213847820302886
213913283523279
214877686807736
215068633428055
215091036835069
215514983378783
215977976716471
216054823363879
216161413330851
216446150241972
216476053373683
216524833247066
216719786949310
216777206506805
216788096560189
217173277306436
217218086544236
217348350200025
217488686995406
2177346685734392
218312349801294
218520703120292
218690522942876
218831183076670
218944993064794
219120639643553
219140292937198
219296816288285
219311669685664
219431616342536
219494122964742
219500189544979
219568882931619
219996656550725
220129032880680
220325152759240
220861476183123
220866466162564
221144796127964
221623799297178
221673852679724
2225553057574611
222747122944851
222895222580819
2229919557137908
223097925894079
223360615823144
223366112895404
223488729170954
223572529197871
223705129165391
223782596177145
223822379509228
2241278636005755
224168659513209
2244505259017540
224517705758047
225339212691353
2255074504634239
225599805570186
225817605970192
226155872602943
227067782516126
2271760519625503
228085142419713
228145278648620
228471371951481
2285459428275472
2287668438031230
229267188633485
229343492286351
230263495559219
230436688846602
231137258809571
231270465464835
231273992104008
231641668730712
231795238743713
2333056760182208
234117591812742
234362285139581
234938081764077
234976315069146
235630294983767
235662821667705
236805368200105
237134244831424
237772478112401
2378007389009476
238209134770015
239059984639223
239897864576777
240500438112001
240530537862545
240873611148672
2413634512116493
2413897832088541
242930644250361
243434127562059
243473874230372
243534544125677
243596024206175
243735567828236
243764027556782
244059064145963
244836250655793
245168210795515
245527170660948
246429313937994
247904487086155
248194923858278
248210777083257
249253026941465
250948343279235
251065100135464
251138073471427
251458930255014
2518000291677958
2528289770808544
253701103149887
253728866662667
2539678326328375
254019109755984
254127729807546
254376886477236
2547328022240491
254946659662458
255132103060385
2557034841269721
2558537997773234
2559879997646598
2562473990725006
2562509130710978
2564787260482334
256609505921579
2569651506672182
257252532853066
257315392401319
2574032836239510
2585473018424429
2585763498393254
259736412596110
2599025276900659
260016145809525
260160895895058
260412735774863
260454062433544
2616931051940907
2618025771824287
2620264648110521
2629027857395119
2637778459854136
263830088828376
2642857686023438
265373079006579
265758671945213
2658189504481121
266006048589376
266872135139133
267080088438407
267168005087850
267607678416813
2686990394926141
269355878220934
2695923870698166
2697039760551349
269806091550131
270478111417328
271542371323964
2718265125103173
272070864600483
2721787311446857
272439467917728
272709164589249
272996754568100
2732356417074289
273304037852858
2733385086785398
273558441145747
273870574475054
2741067116204323
275057100978423
275067247627131
275278667595184
275369854284246
275633280970208
275683657614992
276750870768920
2768347323495989
277727680804934
277793607318905
277914917343145
278102747321362
278558063925622
278727967267536
2788380641474580
279029400582264
279151227248052
279238913933649
2793037920957527
2793207021008467
2795770980682799
279745707125004
279779843863801
280484520477863
2805739879739565
2805765506353979
2807603229554880
2808065049522379
2809290906053374
280950873444742
281234180313262
281304686975591
2817292478519847
281763013628566
2823024467962157
2825190677705010
282592820142315
2828377310758233
2828605787453107
283044893463047
2832289713701580
2832294843752939
2833977930156489
283577220126774
2837833536461438
283850886595186
283975630112840
284156426691614
2844277702501088
2848775712055639
2852800438309380
285322723078232
285645959883718
285755279661894
285839229910092
2861591020722727
2861791334081704
286349309825511
286443496475720
2868688193460180
2870094226572660
2873154716265459
2873668626220387
2874363389509925
2874845529420890
2875619412707901
2878318142409874
2878993945714431
288117832964577
288156609617996
2881710398737658
288307129425476
2883706391957820
288517392770275
2885511145024233
288706026072518
2887243271548858
2887994558109274
2889458084662437
288987132906274
289213202853797
289356092666319
289496082839437
2895338970784027
2897107213937582
2897655207218044
2898680393793963
2899188136872760
289947692589653
290118146122893
290184146160804
290556346004070
2907176126191628
2907558366238443
2908572682759108
2909589662646730
2911174202485542
2911241569116968
291206655804380
291219062601982
2919320564977836
292039952544187
2922834958040091
2923399607907615
2925333354413780
292583055741283
292603635746285
292644842322158
292782912558768
292863148844225
292939182490254
2932738153661946
2934221900230833
293503272272375
2936465286637670
293712878960237
293975052232673
294011972373521
294025669007924
294101549089181
294271579354844
2942900035997377
294336035504000
294426425473373
2946404199013065
294708835534552
2947163388847211
2947510908901832
2947668242134149
2947870988825180
294950318963870
294976671989614
295133675529523
2951465348512700
295158818987164
295174002096998
2951956415080088
295418638898932
295439788953430
295447585492136
295666052135475
295676072059844
295686872294442
2957096744611835
295756015491015
295891268730437
2959505611039173
296024995433162
296070732201134
296155088780765
296176501976597
2962350374040855
296457331861088
296543802115335
296581738627928
296611218594691
296679812031868
297065705401863
297227098540806
297297191878576
2974450759453167
297713341832537
297756245308812
297824061814355
2978368672450337
2978951262350291
298330635299644
298483371765510
298553211760618
298782785286175
2988958651382467
299023815065177
299037841702449
299105925659998
299458281579888
299498101621923
299514515123212
299609301762578
299828311725596
2998286240497405
299998688278289
3000681550199961
300107021723596
3002038840025096
300675858275015
300698471610811
300764151768446
300974838398383
301126881617807
3012601385634449
301273161700298
301347761658767
3013786622281843
3014182142196613
301536838283634
3015622522042984
301887348220264
3020220704866585
3020432778190040
302050081671217
302080378089627
302162098251121
302294534811944
302410084713662
302671181323135
302782124638175
303095764656960
303130074588520
303222981301601
303278988074669
303720774557127
303748141314424
3039978229566342
3041202872777034
304350378308866
3044021622544586
305157337849751
305237327875550
305349427825671
305697237736543
305746891100671
305805547704710
305828321037311
305831831075321
305961364399729
306031207583620
306032347818577
306263051179404
306302624269113
306369371113011
3065434910355344
306593437576100
306602230924913
3067015293622819
306722484199606
307043947837123
307088380790457
307216100861800
307472157427790
307723734067794
307862547414653
307922177506562
308003404112034
308051357393688
308127047538072
3081303042158853
308142817604264
3083421331896840
308596147471912
308793720909883
308836214188677
309097317318309
309293197219191
309330473969281
309473224071238
309698030512553
309775007197305
310222187375251
310373987216920
310696603978932
310888697295972
310907070471946
3111582622495647
311361167186831
312633750269164
312866666996406
312946950283263
312984670184349
313206180207633
313365043597757
313493356802808
313612076808199
313670720286229
313684823714011
313972353692831
3145018025818757
3147879335433483
314954003366021
315442646769633
315543246830620
316099820033165
316551653184624
316570526808318
316596379984513
3166470526913852
316746543209459
317123943090992
317552966394290
317786459778890
3178561852465717
318804086429732
318998159574336
319048342924389
319178216260886
3193858867507942
319455519552410
3195259190694950
319547029734904
319703489573955
320304112812049
320888619642168
321187119349153
321400846006488
322158832641076
322167486061290
3225324201027252
322646395895977
323331432481976
3235133500047103
3235501590010475
323583155828490
323722622443768
323864355779689
324336625844482
324536639266487
324886689223940
324917148992881
324962819090574
325448125598097
325796122300717
325969445904696
326016605522710
326024325530759
326056922734919
327300488749772
329439598749065
329662382108556
331241585005197
332106715196115
332337518239399
332851411776281
333214311477850
333767314834428
333826168075887
333847178095887
333959074823235
334137564773583
334379571358585
334834407986948
334930301542033
335047354711453
335128421450363
335158821274244
335230431444825
335550178009201
3361500427417832
337751821222362
338122254660987
338126971071089
338538791020576
338704794669351
338841894495993
339002481149629
339046187784134
339376417534581
339621504256167
3404964083111616
340764327891141
340960271368009
341363527539379
341989877263210
342784034125217
343046900484652
343854547174057
3441979862568852
3442622925839850
346506020932985
347787086743459
348937703230222
349582899947089
351295489817119
354368392747232
357376945805979
358823805874046
359000639587253
361632162051068
3616555985235288
364624528309895
365185818245964
365410068214607
365900118290298
3680644472040248
368398081260838
368581564584341
368869587779047
369672444445940
3698103573634895
370502557603420
370906417568731
371075350988110
371480700828459
372101457544548
3722843841172320
372319377431289
3723291161116615
372352334057068
372458134199904
372618557525890
372752197474163
372767567360002
372935641371804
373131684063361
373274627445077
373440254001657
3738548882921609
374211853917593
3744473208998083
374581733935774
374622970547454
375128770495443
375247123777145
375248650401794
375333153858345
376392377133244
376633261116653
3772567139520613
377279260370659
377403756966357
377820557485466
3781218218653259
378955093457716
379822926673700
3800135266706327
380064023266964
380272529912489
381665786421555
382770303089591
383312949511784
384382083013851
385787879492078
386425975889394
386825116097632
387662085846078
3881528435236140
388461013078118
3893972084052191
389467978894635
3897563856946249
3901598189924689
390830621959133
3913319375453385
3915728225194350
391641248602977
3919168598160391
3929512973832595
393011275157823
3930721997047767
393410189368323
393749665082316
395291084798194
395929461436032
396135961430083
3968227606586623
3969917539722793
3974362295986151
3978272868877543
3985863331529105
3998177020269791
4000431633370512
4000675580024652
4012329355530327
4023409161079023
4024434440969692
4026289870817413
402684224353353
404111951881952
404230961815305
4044224548997271
4045392462197208
404643253881014
4047558261977576
4047709468678676
4058411550886477
406155544136075
4061988447194059
4066059896784777
4075060922517237
4077260065643400
4080801571982477
4088164967911801
4095742740519022
4096399047070185
4103541239736032
410606330966044
4115796268502107
4126460820725004
4144513118949397
4147292608699136
415677977219318
4184098461634953
418759982717522
419577356489695
4202125006516571
421297382831757
4213991495314165
4225241227488273
423245806107572
423394972524082
4242430465769045
4249521588426339
4250669094996735
4258961877482542
426613016298255
4267612779999513
4268716746473067
4272478626151987
4274707329218198
4279782622065312
4292750750820934
431525418589283
4316673018345488
434323981247755
4360889013944885
436449527843827
4378137778945068
4398368906885167
4403636809666945
442360124728414
4464164840274833
447509360569543
448154133149356
448590529773328
450095896252108
451897842550286
452303062538243
452374485864939
454746892257445
454906422475663
4561869283841799
456406085420953
457495782203874
457541095349940
457728518651859
457966978834093
458010341938908
458558838752399
458909775217044
459936608595867
460353225032985
460354898591143
460432075034270
4610169092444727
4613320812017245
462116591548822
4621892134494213
4626725957344425
462854771441273
462918471454169
463320698270705
464373667955725
464912531269200
464936801256530
465232747905103
465420341336447
465437791409896
465467191206411
465558214559046
465665344516537
465744847843087
465780478058811
465809501163512
465852098022353
466228674800572
466698697938406
466707527948166
466759784438718
466855291302437
467052791061155
4673811629312337
4675607839216023
467650357865474
468078281131804
468220304276046
468538494242405
468770201050782
468775014225361
468810877542201
468819854380752
469153337705355
469310924330898
469375520981040
469726024241881
470103144256032
470247297608796
470705204128520
470739584237211
470762910704674
470934370883295
470972447511687
471107757457812
471229843979746
471321957305774
471465174178732
471478797489449
471605110818296
472068030522044
472255467317160
472318024099019
472724403787778
472900377125493
473178990658358
473263900641585
473303978002585
473472343758733
473665333745818
474291917021016
474455420289385
474530337158950
474605943752081
474709467330575
474713970619883
474793497183479
475139460266809
475306560444889
475444607042010
475756927040214
475812363536013
475816316966490
476108370353326
476188556829084
476291297002880
476429080282297
476517890116069
476737720197481
476800076890761
476903940213441
477191156947592
477478940197103
477574056895447
478050716648177
478264313396001
478341316707689
478489493424312
478531736582173
478736940118533
478822186667624
478875233170397
479108989975376
479371389977885
479991767596230
480048239932684
480109866559228
480125036532325
480423129677006
481018996665089
481142896644825
481385616347476
481618680181154
481888936422240
482195732996702
483048162900255
483254406098075
483547246062398
483560472947571
483817132675422
483947299705329
484248369486039
484614672814170
484651089516921
484904879224680
485157249266128
485405766000852
485550039447073
485603079351954
485702636022936
485768479240382
485895189399342
486166809172599
486424265907453
486742992563146
486987885979116
487134769163156
487479689165720
487508922577402
487579512486876
487592879252356
487693229217076
487715442374354
487739839235645
4879211755534261
488575419011329
488614266609159
488706729545026
488709712370686
488747182436857
489329135616957
489411689156798
490180892072850
490525049050962
490547579033630
490567148663872
490876095665044
491063492309016
491469251903592
493417525430965
493658848642930
493658865307725
493717965009498
493731931813773
493757995204101
493937355288684
493983068689955
494218431702210
494395484934686
494492235091813
494605871855793
494657405017220
494710918337031
494842141965860
494865155129414
495100818308814
495379918305343
495728718246755
496025354914266
496093301541769
496252841618582
496842514801823
497006681545326
497848274791746
497980411389495
498200994931778
498339461295193
498340967979144
498537567856570
498740268122719
498756778138144
499134661524344
499529741479070
499535628075766
499822324541067
500003978607332
500299917681093
500456241140468
500960738571792
5010000212416801
501023471080858
501497931125712
501685677528180
501743810959208
502234024236470
502667884211644
5032292980204571
503590844398759
504073930784283
504236027280322
504256790714153
504784758354450
505553340801735
505699097510681
505867260769779
505903340541813
505913823789003
506125924071356
506149203746590
506204103844687
506455824110763
506801403683601
506812550762856
506891443677457
507341570296566
507467377053187
507471083733329
507847597241511
508033563711596
508251003689727
508500646987008
508753747239700
509328297161971
512127286485183
512629713090585
512736873190663
513506623051862
513986326705121
514400169738201
514736669861245
514987020119514
515105419516165
515548026130940
516663243026910
516721006013525
516905706143791
517322042616785
517377622967126
517483689659293
518283166292469
518731212843236
518841819525986
519010645954143
520138576034067
520441642700354
520541569355313
520689122425032
521095665926463
521113382245620
521859745481905
522671109141538
522779048878647
523612562132584
523650858820058
523717445706298
523885745308711
524423375221425
524445952049056
524552258888877
525614825478276
526372861714299
526705361694438
526745315377069
526981551803376
527174571650498
5276631112359171
528189565209561
528598578309160
528674708291814
528726041469936
528825951446553
529007361453967
529594438163553
530499244749577
5308340792559296
531107558496756
531299661582580
531873921220934
532395671612265
533193261018305
533323494325206
533435221401750
533509481149103
5336421739765128
534148164260810
534813047522813
534931134555580
535877271620166
535918704766042
535977954653764
536014020896434
536936464380799
5373397186068700
539466447213438
539758453687553
540566467382787
540813280242171
540815153754085
541979333662526
5427363980671808
542784737285147
543215669998682
5432399496807972
544608643579050
5463456840394267
5472540746152859
548471363158131
549553363097172
550360696129263
550381493018142
5503990376296941
5534297726645342
555568042092954
5569749486431822
557215285246127
5576404379059265
558624681788356
560531001681355
5610314599010613
562586918058628
563209627975404
564047468692328
5644279028947899
5651938844847105
565377267929568
565734484393629
568098510820493
569082887396712
572961050621846
574125533550758
574138444216731
574199796899968
575761586917640
577761323190651
578622089789668
579748916301528
580345709599376
581479323039693
581750302786005
582208962771393
586219355631837
5868967446509146
587683472209313
590586981920156
595148128075463
596260621884392
597722828284935
598737394447268
600191600957951
605123481414247
607595716864201
608339627227914
609914970319727
610505957008088
611053466956872
611302189829737
611367209819761
6123738877736508
613591822935224
614822829556386
616907299703932
618743202854729
620283399468397
623545055708428
623856645297162
625428049357772
626714628729937
627100499071054
627634381549519
628484864773988
629235331374669
629959318402058
629962711297116
630062574639107
641930360004879
643343263927196
644655073060889
645048966783670
648086880193508
649503176792919
652258635638328
667247581693056
668109467553420
668884824124619
669015897711266
672568017208715
673048107254462
674050906707424
679793186826805
694079721308665
703524100561073
704864067932729
706111863915091
712633666397447
715887690158618
726763655378036
731070091489705
731932434141679
732267034694078
734278817563368
734297167967261
734596510543692
734878813865827
736015317075246
736082341150241
736299793707309
737098873652520
738627056816915
740226269986014
740234773319437
740627959938943
740897379925313
741423633195297
741548637178558
741728106506826
741921436474950
742953539720085
743029783040333
744109140062313
746043929408893
747392419283387
747980029203693
748632732477184
749142495778618
749459745674248
749490335936974
750816108851769
750980412256003
751571518883897
751628938862935
752931518738047
753533402004510
753620995305381
754531558566614
754583741915998
755035135132573
755195825157294
755632658456104
755693628426129
756303885009799
756694115211713
757894941575940
758050041550177
759203664725537
759207348117150
760435721242734
760801818132715
760828264620521
762919234588030
764422590880139
764920967557771
765404064343354
765429887493959
766318624249953
767882955054270
767938983917821
767980100505528
768085593897096
769096773801691
769468360436398
769542187259238
769613977279015
769926567044427
771369273752501
772305107012426
773398740029069
773490366890551
773842243523371
774000503489698
774048836596051
775325753372427
776479129924857
776700633030581
777133929614770
777772222924394
779225876312997
781260412590909
781721402737070
782500239297930
784022435651726
784287502104911
785168645452707
785640442976058
785695048614998
785945818771978
786029228748367
786282328921514
786826168860096
786927352183225
787735961882310
788278785397103
789178535042815
790590391863286
790908028201549
792250408085229
792391678895846
797185407594195
798210417465015
798418794204360
798429247478749
798488094187900
799167970726781
799787014419366
800193604269229
800630844172853
801601730775137
801936737114263
802917427251736
804080990547503
804249533859353
804803263754635
805310180114173
805382676751596
805424367079521
805966336702637
806351257479895
807049513514158
807998016522962
809004146697326
809172669805826
809177166689970
809366319701710
809525823036652
809721686636661
810227843241342
810247709912402
810577680079465
811260763148400
811487649804660
811559886447172
811667776451304
811728706406362
811750809444165
811805609457740
812259907217020
813350672607376
813993019520166
814024519316824
814165249496692
815001922482401
815030159109470
815672732396035
816056543151648
816823839241749
816851065875205
816885009181559
817958978838275
818041982462419
818045215805470
818165002162041
818801662066958
818953435407231
819786025323961
820832828834800
821410075140460
822942948652490
823840631563815
824220938491637
824922431711221
825904074949113
826435791283265
826497528287918
826597721396319
827691504832154
828423057765099
828819934703272
829255214856344
829399474654141
829945647877829
830850730849162
831118797508877
831433364398142
831588381120975
831883047750797
832100307723501
832554784013282
832623307368542
832904010656104
833863897473238
834035393871316
834594160802804
834667493845566
835018970726402
836454266952596
836709110562329
836771650529534
836930593565533
837307893557659
837430816851024
837653783519457
837841883999570
838735123390122
838762203432023
838935273385350
839817740079433
841745976430380
841933926795800
842263206374959
842741859611073
843344279610574
843350829614460
843430123048420
844092596481005
844106376201277
844726733065923
845016553064305
845895339644400
847103745883762
848170952713685
848297512832157
848379726025634
850858545638110
850998408788394
851667406271272
852153452044127
853792398818725
855922558600450
856505468266509
857542915104738
858638084725822
859005141720254
859044787982136
859233941333029
860181138733646
864964990797777
866075407309746
867054280956946
867678160448456
868055127112304
868767593701789
869755086938647
870548936867962
871454886767926
875420166386705
876945226224212
877802973236791
879379316123495
880489502809517
884045085791893
885084658721922
885258995366876
885539755359299
887735021785073
889922984895881
891180515064446
891355231707439
891568415028278
892102491371687
892564001322651
893157228197952
895217491322730
897023654208063
897237857498820
899037460655291
899190801013010
899789747544500
899953280608246
900676523826650
901722464003832
901869480379184
902890603620531
904444116955750
906282393546114
908190333416572
908904556632313
909531913228199
911276746271780
911536296350418
912947476162632
913411589211156
913517965857635
915907042288706
918113405745421
919164985535530
920451688795815
921351102046888
922328751811978
922491194990938
922542225178421
922689001895285
923778058499976
924797181667049
925099341601010
926092707957618
926260588214737
926372364791848
926420168141112
927240781381806
930432651069177
931488054082704
936007067164954
936456110510743
937279383482707
938219197465458
938230783607345
938584323632919
939077346827553
939724190191368
940537590077694
940769106701625
941459516672041
941504840007262
942850339863124
943194213080875
943242182927874
943784586163813
948999269195879
949681785864443
951432195612165
951702835578400
952017965553611
952096762230107
952382705529151
955197705246019
955665725169308
955912745155183
956791391722658
956857395139570
959217791513607
959596864786759
960683501342172
961778197971600
961997457893133
962197814336608
962799427800606
963176671141156
963604661107712
964276541074208
964412277696911
965013550925061
965967844140316
968968687177022
970581266812364
971914513561368
972358679967926
973176037001933
974602700009621
975915386554623
976296633122644
976608726411653
977099739539852
977799502964729
977855632958464
980964669311802
982635465761130
983923725749487
985554358649355
986364475508394
986552261886915
988175451720342
993809814551866
994201564317273
998578727568196
