# OSV-5M frozen corpus.
# Regenerate with: node src/sample.ts --freeze
# seed: split-v1
# role: train
# size: 862
# fingerprint: d2d163d965f5
# counterpart: 8658ddd26d80
# rejected: 283
1000184947185715
1007571866714652
1012336792916796
1014202159113566
1018222545785752
1022284531884867
1062966637444202
106852454811666
1075631136259137
1075660386403301
1083299265491275
1085787398578373
1090627471449778
1091866564681680
1091949224622783
1094954271314691
1096035060920856
1096894500833112
1097717794052951
1100839523742031
1110051993100915
1110783136098050
1117334568775680
1123889794754122
1127734451059021
1130326604134622
1131106934053513
1133157847096685
1138445926717661
1140010239847176
1141648319595444
1141903163192743
114299207379353
1143787519475554
1144061793090429
114901251094455
1153463581779993
1155920868565635
1156479174877231
1162249977626998
1167273743713609
1168226773590423
1168959410231360
117208480394039
1175181596259094
1182204272251313
1186787678535356
1192166921217375
1204125780001564
1204851569973112
1204881869933986
1206782716427165
1208767219584098
1214025325717689
1219356575288150
121940969926246
1222699868162190
1224078834771165
1227589477698877
1232180784306191
1236816206737452
1237458380071804
1240025749751669
127068623545977
127565256064386
127912873108755
128198979300311
1282398935507926
128478742574065
1289083801488709
1297887544045249
131282785624900
1316440198859279
1324290121363309
132557899137367
1336186343420323
133817612099164
133824308767150
1342336756147429
1343228942724695
1354423448291967
135493908622566
135775055252271
1366858870446931
1368133640223922
1375793676108623
137962268318031
138023801599703
138636528260467
1386798861845563
138996628451652
1394078704308720
139649791479342
139734641459038
139960174846840
140045738150789
140119841472199
1401731380179866
140483958109588
1407468076391195
141343381427221
142255314536708
1423557814662481
1425388501154497
1435020413525636
144316567707694
145590624134208
146040270840049
1464282147287218
1470176070084726
1473289429740395
1484951121975966
149311241054329
150796216941872
150858196983363
1514594228932059
151584063592799
152188406782124
153018800402394
153159593414285
153339700720360
1533690886837582
154046299932366
155875399842596
155883883053767
1562296133975847
157380672896109
157689516310234
157776486348145
158090176564594
158296322882329
158387376213409
158435932892970
160447239665677
1607753839410181
1608836872645242
161007179204477
1610390775824175
161101913039814
161284455866647
161944863207253
1621824691540602
162650602456959
163347699042523
163508299022729
1641912722671859
164597132225946
164673222336129
165342825479933
166136935445156
1668529003486997
166933172029624
167118045329778
167342935292505
167730815190387
168606158508493
168975908520653
169692825034856
170418521676782
170488114995348
1712949515557041
171508308209545
1718868484952492
173095661486852
173501834561921
173592881210274
173693167867864
174728844532455
175514787704052
1758517770998132
176048844398220
176093627726479
176478251048028
176719734352540
177498334160339
178262490830020
1783682121815617
1793735287464364
180782223809734
181235317219669
1812572782255684
1816925085134254
182314590452205
1828581377316039
185577700095106
186283916700918
1865818946925847
186625126648053
187701806555366
188680093571034
189440973540262
190007719623661
191176502840480
191708249970234
1921985364624718
1932604683584092
193558802497347
195224839110577
195400005644113
195897792382324
1964093720415210
1964943976993376
196613418948143
1978015872349792
1982955568509610
198595132006041
199750898637300
1997752383715447
200695895220451
202081011577114
203640398026358
2037825166369660
204321711293431
204743278625070
205483141158815
205958574675901
206029421139048
206444205208519
2073402289483308
207677941168559
208784624110985
209090550774055
210337554090016
213166743685089
213182687017162
213297063709764
213443306900128
213520410357237
214877686807736
215879933685107
216476053373683
216719786949310
218520703120292
218944993064794
220129032880680
220861476183123
220996202808122
221230739401373
221623799297178
221673852679724
2229919557137908
223822379509228
2240663286071990
224168659513209
225194342277381
225817605970192
226147649635350
227943169099371
228471371951481
228677065724569
229343492286351
2303944906404448
231795238743713
2322900151176796
233079818614754
234362285139581
234976315069146
2356898857787478
236599378258771
239059984639223
239760854590432
241076204478972
242930644250361
243735567828236
245168210795515
246429313937994
247021873885909
248183480330003
248845493671992
249827206931169
250835056830589
251138073471427
251608563383528
2528289770808544
2536365379993586
253728866662667
2539678326328375
2547328022240491
254946659662458
2557085277932438
2558537997773234
2599025276900659
260160895895058
260339442485086
261591485649871
2618025771824287
2620264648110521
262568985600193
2658189504481121
266006048589376
266872135139133
268064311677035
268916921636766
2718265125103173
272070864600483
2721787311446857
272439467917728
275057100978423
275278667595184
275683657614992
2777139042548244
2786708904974260
279151227248052
279745707125004
279779843863801
2807507979563120
2807603229554880
2808065049522379
280950873444742
281211800400020
281304686975591
281713580496591
2817292478519847
2821385841525601
2825190677705010
2828605787453107
2832294843752939
284156426691614
284235013321211
284659386628660
2849797068614495
2853679658180459
285645959883718
2870094226572660
2873154716265459
2876809265928109
2877072772544519
288117832964577
288574129484559
288854406168782
2889458084662437
2898680393793963
2904342603182252
290531369478410
290556346004070
2913342902244253
2913347622281160
291513022599829
292327992376372
2925333354413780
292583055741283
292675762510414
292863148844225
292878529254938
294011972373521
294025669007924
294101549089181
2944757389103020
2947163388847211
2947510908901832
2947668242134149
294976671989614
295439788953430
295686872294442
2957096744611835
295756015491015
296155088780765
296176501976597
2964688500485624
296924592030220
297028831964046
297530895330944
297630542019553
297756245308812
297889828587460
2978951262350291
299609301762578
300107021723596
300764151768446
301273161700298
3014182142196613
301894651436006
302609231434440
302652098119237
303720774557127
3038538576390135
3040648856164003
304350378308866
304974497776832
305049117661838
305237327875550
305264054546321
305831831075321
306593437576100
306633234398844
307088380790457
307216100861800
307723734067794
307862547414653
308142817604264
308212240709798
308571730793831
309775007197305
310222187375251
310239873994502
310506457148757
310552190638320
310658430437601
3111582622495647
311361167186831
312931753668183
313194093748227
313395850152686
313948493428739
314697056729606
315713989938888
316099820033165
316570526808318
317123943090992
317552966394290
318139727170920
318184199700467
319048342924389
3193858867507942
319504363076331
319703489573955
320888619642168
321277716060336
321981056083521
322167486061290
322537099203279
323049912555929
3235133500047103
323722622443768
326016605522710
326056922734919
326628432146121
327252145459778
329439598749065
329662382108556
331568809138493
332411875112897
333137894839841
333214311477850
334834407986948
335047354711453
335550178009201
339376417534581
339621504256167
343854547174057
3442622925839850
3529663243925335
354300216055703
354368392747232
3546081862164745
357979436226196
3586060774831293
3594665567306600
3622577527968276
362659905177581
3639306239627047
364237845297924
364624528309895
3667832119989380
3682785975165803
368398081260838
3698103573634895
370502557603420
3722843841172320
372319377431289
372458134199904
3738548882921609
373988233862919
3744473208998083
376234923706762
376633261116653
377159213605291
377403756966357
377989466884134
378955093457716
379822926673700
3800135266706327
380064023266964
3816300085149449
383312949511784
385787879492078
3913319375453385
3915728225194350
3921858017907252
3932656696855753
393410189368323
3946648958786909
3949162898533064
395929461436032
3969734146454204
3969917539722793
3973134126107020
3978272868877543
3982410465138965
3991184767627993
4007165926036865
4012329355530327
4023409161079023
402684224353353
4037490442984863
404230961815305
404643253881014
4052638291442243
4054096031370387
4061988447194059
4075060922517237
4077260065643400
4080773448610324
4081195941986565
410606330966044
4115796268502107
415065916876970
417154357074630
4183364141682825
4184098461634953
418605759181320
423394972524082
4242430465769045
425061708456286
4284823318205305
431525418589283
432757878317796
442360124728414
444218913546937
452303062538243
456033422269552
456323355666558
458909775217044
459936608595867
460086325091497
460353225032985
4613320812017245
461922248409334
4621892134494213
4626725957344425
462918471454169
463182774985053
463193911439520
464373667955725
465420341336447
465558214559046
465780478058811
465809501163512
467052791061155
467404374517716
467887034466030
468078281131804
468614644210217
468770201050782
468819854380752
470247297608796
470705204128520
470720370681853
470739584237211
470762910704674
470972447511687
471605110818296
472068030522044
472646447549897
472900377125493
473303978002585
473665333745818
473817020620573
474605943752081
474675170525266
475306560444889
475816316966490
475836926974976
476108370353326
476429080282297
476737720197481
476800076890761
477191156947592
477308550200788
477478940197103
477930673260693
478736940118533
479208543347987
479979776575429
480423129677006
481018996665089
481627249818301
482731053515547
483593696214653
484248369486039
484259990508909
484827539262092
485157249266128
485405766000852
485702636022936
486166809172599
486475062561002
486987885979116
487134769163156
487592879252356
488706729545026
489197308989353
491516222038176
491662942147730
492987581829500
493658848642930
494055825172331
494492235091813
494605871855793
494786278312940
495483291804598
495728718246755
495769128287294
496093301541769
498587031280090
499457057865626
499535628075766
499735028051839
500003978607332
500191947684624
500299917681093
500742577955414
501105221023625
501685677528180
501743810959208
503207814196430
503553374461439
504236027280322
504256790714153
504769327331793
505172497276455
506149203746590
508500646987008
508692220541605
508753747239700
509328297161971
509441897145330
510631670308285
510804743617943
511211223344854
511218803244955
512075156816393
513338513155477
513506623051862
513986326705121
514400169738201
514736669861245
515548026130940
515858589569664
516663243026910
516905706143791
518283166292469
518731212843236
520138576034067
520541569355313
523868695661092
524350115641768
524409825606234
524423375221425
525117468655703
525233235524298
526745315377069
527174571650498
527459215326414
528320638542941
528432674836609
528598578309160
528726041469936
528945284797767
529007361453967
529656998392714
530689167924623
531873921220934
533028054363904
5336421739765128
534931134555580
536014020896434
5366619203409272
539758453687553
541813023820431
542368663799439
5427363980671808
545189633552914
549553363097172
555386392095231
5558054694236875
560531001681355
565734484393629
5658313134197397
567082020940294
569082887396712
574199796899968
5776908805660162
579748916301528
580345709599376
582208962771393
584258866386455
592090989370326
598737394447268
600191600957951
607595716864201
608522386772698
611367209819761
614248259972602
614805949900273
629962711297116
636899214135093
659282521866360
669015897711266
672382620221326
672568017208715
674731257501879
683546016134007
690642559251980
706111863915091
712633666397447
719718912312790
736015317075246
736299793707309
736796970329868
738627056816915
740226269986014
740627959938943
741144153249594
744109140062313
746043929408893
749142495778618
749459745674248
749490335936974
749945949050213
750179018995658
750224589009384
750816108851769
751907032146156
752789225417876
752931518738047
753044042046482
753533402004510
753620995305381
753820851951930
755221825364231
758847138327526
760206014867487
760378151292585
760409331301614
763592091015378
763872904494437
763913180784953
764987560826213
765404064343354
765429887493959
766633524045252
767381973979307
767687587448433
768821300438144
772357150317842
773398740029069
774048836596051
777772222924394
778244512891172
780306822859122
780651322587808
781721402737070
782500239297930
782972199068510
784287502104911
784470268915256
785400702362271
785695048614998
786927352183225
789473231965720
792052321438410
793342661557210
794229028145107
798418794204360
798502227519392
800068843959335
800459827262410
800630844172853
804803263754635
804932887102088
805481097036943
807261933255717
807276723219372
809101257085345
809858743276817
810247709912402
811280373129294
811750809444165
813350672607376
813533645966843
814811235833233
815030159109470
818041982462419
818045215805470
819786025323961
820832828834800
821566475461405
822159412071312
823259451627299
825904074949113
826627367966252
826901991570216
827691504832154
828819934703272
829089991347257
829945647877829
831588381120975
832904010656104
834035393871316
836454266952596
837841883999570
840767013462361
842183137148001
842741859611073
842805556317544
842972046616751
843344279610574
843430123048420
844092596481005
844716882803395
845023603034458
848297512832157
848379726025634
859044787982136
868767593701789
870838564303525
874534329792933
880489502809517
889922984895881
892578048257220
897023654208063
897281561113780
898469374269903
899953280608246
900756237162319
901125863783251
901215713789914
901242763989119
903021963890611
907211416520386
907532273311610
909531913228199
911276746271780
911996199521160
912947476162632
917183399076311
922689001895285
927646297969547
928764854602794
936007067164954
938230783607345
939724190191368
943242182927874
944910062991328
945718649303490
947057529372927
948649135966266
950452449114213
951432195612165
952382705529151
953610452080369
955344925270745
956881921715130
959217791513607
962289097873318
964276541074208
971663990323798
976296633122644
989579331998184
993809814551866
996231647579037
