# OSV-5M frozen evaluation sample.
# Regenerate with: node src/sample.ts --freeze
# seed: osv5m-v1
# size: 200
# fingerprint: 90cb7d6da5f7
1010727379674208
1050081342225017
1087514528410124
1102492126895286
1117334568775680
1157998751346580
1161883980902774
1162249977626998
1162894230798833
1173375536427817
1181372419046544
1181553428980149
1198415713963503
1204881869933986
129873539134666
130512185793024
1365013680547445
1375793676108623
138258958245685
1389367641442474
1398463280524268
140119841472199
140221081709450
141343381427221
144732937660554
1447576345591631
147879100588220
150223026997197
1533422470368767
1607988889412093
163738739014622
164673222336129
1659240644287113
167523378525876
172400281722987
172505884750920
175346787809263
178542480831948
180134407322404
1826669154173623
1828581377316039
186097886704447
186808659951460
1907093542773318
1921985364624718
192267156066948
194458039224229
195057165787408
1963489363819432
196422705630342
199532438476843
204549194582802
2094946683981768
212420493774340
214348897927214
215599203275505
216481116655696
2234522973344412
223468969580701
229914225599226
2303944906404448
248222750428965
253367623205180
2571707019800114
2593149004323540
261488812325835
270427174750853
276059061044678
281211800400020
2832652926994197
284235013321211
285348523273621
2866765433640042
287440349701292
2877683189185827
288486702988429
2932069550380437
294315565493381
2946768485649084
295159785419339
2979489095666742
298598075069836
298933271732243
3006601682994852
300976008346957
301894651436006
3019331008192078
306466650938825
3076651509223607
313948493428739
318139727170920
320027992796215
322591962629629
323049912555929
323651525818211
340438284134332
3580872705471560
367260714673923
3710955952361205
379257633348414
380352676673136
3860761987305550
3982410465138965
400810320922162
4036371473145712
4037072276356947
404780741116414
420932602711832
422687502836799
4287944597931376
432757878317796
453770869632423
456922242038392
460677848559243
464527557963371
464530948177561
466841237723180
467484765320077
468614644210217
470720597367537
472195003988902
473271250886673
473882147162546
477921836875817
478325426788817
479098313324956
482062916544180
483593696214653
484827539262092
487823259086694
489886612597575
491129892311587
491516222038176
493766525002033
494055825172331
495419331809131
495483291804598
496642404698178
498060458201509
499212997887957
499946684487862
503439030790922
504769327331793
508113063970906
508692220541605
511073976591879
512212353150899
5139167812786910
516079839401418
520836098947508
525117468655703
526244765221500
526827005357693
528432674836609
531740528205077
532884431055128
538256963827256
5558054694236875
572524797044407
577713547155580
6140546932652579
640446920364299
732065714615721
747869075895049
750224589009384
752789225417876
753054515276524
754833828541199
758847138327526
760378151292585
761577221184686
764257634104306
764534251089125
772047386835173
773440003371670
779001009371779
787469818811042
789473231965720
795396521111894
798957227436511
802666537348475
813253949376208
822159412071312
825045638419216
831583761042925
837631413512327
842183137148001
844470573087593
847597799175334
853562872036112
861423057777308
874534329792933
903021963890611
931573600940790
936235627191704
947142806037009
957135881773001
968528020572175
976544396418251
993320191405219
