# Frames seen in review and kept.
#
# One id per line. Written by `npm run review`, which does not show a listed frame
# again. Delete a line to review that frame once more.
#
# This list is the corpus pool: `node src/sample.ts --freeze` builds both corpora from
# it and from nothing else, so a frame nobody has looked at cannot reach a corpus.
#
# A dropped frame is not listed here: it goes to benchmark/samples/rejected.txt with a
# reason, and that file outranks this one.
106852454811666
1423557814662481
456033422269552
555568042092954
269806091550131
315713989938888
2877072772544519
301373188253393
521113382245620
757894941575940
195747125727940
1152955628487775
4879211755534261
524350115641768
2905006216448571
835018970726402
2322900151176796
225817605970192
470972447511687
955344925270745
826435791283265
503439030790922
168975908520653
140119841472199
768713440514296
205958574675901
182131727098634
295552449252502
4621892134494213
467404374517716
3014182142196613
1167273743713609
3973134126107020
290107185995439
526705361694438
150417673725625
4054096031370387
1164121807342361
767381973979307
142255314536708
479208543347987
3991184767627993
943194213080875
1075631136259137
157593746266435
206267874414233
3235133500047103
956881921715130
901242763989119
457328732002398
473987623893870
2858509004405207
2817292478519847
486166809172599
555386392095231
292242972391138
2870094226572660
199750898637300
395929461436032
487508922577402
506149203746590
494786278312940
785695048614998
3040648856164003
813533645966843
261410932350673
780306822859122
304974497776832
463780931575254
151890693617320
1610390775824175
186283916700918
5276631112359171
114299207379353
1155920868565635
263646408827179
296924592030220
484514312785311
223782596177145
473817020620573
2229919557137908
376234923706762
460353225032985
317123943090992
2786708904974260
480790359804453
372106814232926
310239873994502
498370688185803
760828264620521
335128421450363
176048844398220
221726129335984
4316408028404397
1140010239847176
558624681788356
2946404199013065
305349427825671
3954052958003661
874534329792933
4075060922517237
1206782716427165
487138506060255
494798255052046
306593437576100
137962268318031
478050716648177
1793163654186784
746043929408893
465479798045888
1083299265491275
331889688644710
889039158310270
822942948652490
1643265869364202
1175181596259094
529656998392714
127565256064386
959217791513607
900676523826650
2574032836239510
267493231658175
197101258915336
988175451720342
755693628426129
1062966637444202
299289461676553
236898024874689
177701347549948
464388241553399
269355878220934
614248259972602
308212240709798
4000675580024652
526131588770269
216777206506805
2998286240497405
2067498383393106
818041982462419
500003978607332
1816925085134254
370928111332712
484651089516921
491469251903592
477921836875817
292675762510414
968968687177022
831433364398142
170377084996913
295418638898932
251065100135464
751311478887375
279195147173944
1110051993100915
275067247627131
1091949224622783
155883883053767
545189633552914
1391426417857280
212629767091321
318458193126894
800630844172853
203704898101739
528320638542941
1168226773590423
417154357074630
1375793676108623
764257634104306
809858743276817
285322723078232
485157249266128
472900377125493
158692939530231
813350672607376
610505957008088
478591316778808
821410075140460
939077346827553
218944993064794
795530201329166
815180082764524
202081011577114
2808065049522379
281763013628566
500191947684624
501497931125712
936567570443530
272070864600483
503683784099788
964276541074208
528726041469936
466028211322364
1342336756147429
1227589477698877
2599025276900659
4540606822630130
468078281131804
785168645452707
753620995305381
832100307723501
279745707125004
2807507979563120
4242430465769045
798502227519392
667247581693056
178794467427755
305700027749275
171561661636674
783970935563813
749142495778618
316100236624785
480423129677006
248194923858278
163761962352185
169809631708315
472255467317160
525117468655703
170121545022782
362659905177581
2562509130710978
800396560853215
1219356575288150
909531913228199
326056922734919
3065434910355344
1659240644287113
1558183964379807
501685677528180
811750809444165
223360615823144
754583741915998
772357150317842
324917148992881
305805547704710
976570276513350
4077260065643400
800031703964916
2637778459854136
495483291804598
636899214135093
779225876312997
461922248409334
275683657614992
297440581915199
1143843042770618
751907032146156
324336625844482
1192166921217375
514754166445449
778244512891172
1712949515557041
327252145459778
174598754536869
2881710398737658
804249533859353
1047222609015689
523885745308711
302410084713662
288255512947868
305272870969414
3744473208998083
112457330915171
338126971071089
4023409161079023
486475062561002
2897655207218044
142373077791070
1608836872645242
326628432146121
2849797068614495
470247297608796
135246411916355
536936464380799
954667785485649
1190405568087928
251458930255014
760409331301614
323049912555929
1178210155947563
759203664725537
307088380790457
2243952345740874
193926169236501
477191156947592
1064734917398395
3919168598160391
149428817193873
243735567828236
169692825034856
390830621959133
309097317318309
2356898857787478
831883047750797
284235013321211
1473289429740395
584258866386455
201150331634579
877802973236791
1815096498651336
3969734146454204
288574129484559
292878529254938
804803263754635
2947163388847211
757803188248136
159028862834350
773440003371670
611707813655724
310222187375251
485768479240382
859044787982136
218380720054234
2911241569116968
609914970319727
508113063970906
300107021723596
141232107987551
3968227606586623
747687229717003
499735028051839
196119892346077
524899538540795
2925333354413780
536014020896434
973452163426713
765429887493959
318998159574336
3020432778190040
611367209819761
154046299932366
529007361453967
5776908805660162
138996628451652
340764327891141
364237845297924
463193911439520
377159213605291
568098510820493
2873154716265459
305828321037311
181235317219669
226417162587344
917183399076311
5366619203409272
1104473520059663
1214929965612005
821577055231706
525228168652937
475795743685621
1316440198859279
234976315069146
509328297161971
528598578309160
294426425473373
1153463581779993
2957096744611835
1116575888852919
410606330966044
387291135821358
810247709912402
158387376213409
479991767596230
773842243523371
811487649804660
178262490830020
3193858867507942
425061708456286
166933172029624
873487466917743
378955093457716
4061988447194059
310658430437601
173501834561921
151584063592799
196613418948143
216863039930827
295666052135475
579748916301528
298933271732243
139960174846840
2878993945714431
1394078704308720
726763655378036
472068030522044
1865818946925847
502458040886746
4464164840274833
303748141314424
475444607042010
3873904452686816
471853997451212
1008151256597783
897281561113780
938219197465458
860008971394778
903021963890611
295676072059844
749945949050213
845023603034458
158132112908913
577761323190651
868055127112304
1168959410231360
1012336792916796
271857724646563
465558214559046
514426700608170
1464282147287218
1236816206737452
139652154808008
527459215326414
198053762142202
307862547414653
484827539262092
470739584237211
764920967557771
460354898591143
486424265907453
1100839523742031
326035609039530
3616555985235288
474793497183479
616907299703932
5427363980671808
131999275926838
473472343758733
305831831075321
1092316461289679
1365013680547445
1103990750088126
892578048257220
8378308085544757
167342935292505
499134661524344
302609231434440
753820851951930
527074841660459
4115796268502107
497459311378711
335550178009201
819786025323961
444218913546937
474675170525266
310506457148757
760206014867487
1533690886837582
810577680079465
1407468076391195
368398081260838
2618025771824287
477574056895447
488614266609159
740234773319437
467052791061155
515548026130940
570615493919905
364624528309895
904218670420992
222701052638992
1493115117698219
734278817563368
1828581377316039
969509200470706
354368392747232
231641668730712
1141648319595444
740226269986014
402684224353353
2795770980682799
784287502104911
938584323632919
832904010656104
295686872294442
2777139042548244
5713069602067038
803404327254149
3698103573634895
174728844532455
260160895895058
1607753839410181
2685886661707512
2536365379993586
464689301474976
811260763148400
175514787704052
474709467330575
197115765571377
669015897711266
331570405052382
191176502840480
911996199521160
4095742740519022
423394972524082
315295066860496
922491194990938
522923722259690
474817937076039
297028831964046
294976671989614
303720774557127
180782223809734
2936465286637670
2978951262350291
392982088702059
749459745674248
1211029049684170
213847820302886
3361500427417832
522333175436016
547818180475382
129370972468156
950452449114213
763872904494437
161101913039814
503207814196430
736015317075246
291513022599829
503590844398759
251138073471427
752789225417876
789473231965720
475306560444889
136712805150724
782972199068510
380064023266964
275057100978423
989579331998184
1282398935507926
103556902367710
942507536547044
744097482942197
926092707957618
5336421739765128
1018222545785752
845016553064305
738627056816915
508164743692117
809525823036652
530948664567542
5542417835829582
304828024352392
520541569355313
843344279610574
929086371260983
377031790395422
4549055928444367
313194093748227
944184059754923
300324108328398
452303062538243
867054280956946
186625126648053
313128897006822
494492235091813
495100818308814
833863897473238
265758671945213
297713341832537
525793678581857
719718912312790
219912759569710
848297512832157
149311241054329
184973323541284
804993350636668
1222699868162190
193558802497347
280153313810917
302819828031651
213297063709764
1000184947185715
493417525430965
262568985600193
1673653542820152
771077853590359
241076204478972
220861476183123
1964093720415210
901215713789914
834594160802804
472646447549897
842805556317544
4506903446005619
174074521260701
284156426691614
475942173630294
200695895220451
792052321438410
158296322882329
335047354711453
1096035060920856
316570526808318
540813280242171
252122446696478
286349309825511
840407890216411
1133157847096685
1932604683584092
476429080282297
842315456493865
813118722956113
496093301541769
1070256200421131
3816300085149449
128478742574065
1132427237220294
4184098461634953
2721787311446857
1130181491104016
704864067932729
145590624134208
493658848642930
173564341337493
253728866662667
2898680393793963
967000964226400
489197308989353
226988985537419
170418521676782
514544669671699
683546016134007
793342661557210
476108370353326
268064311677035
175031294492607
1144061793090429
153018800402394
938230783607345
173592881210274
515858589569664
1470176070084726
487083269286452
310552190638320
190007719623661
829945647877829
1126593901175057
295439788953430
386118515894675
1029000427630876
165342825479933
2947870988825180
247021873885909
908190333416572
772305107012426
2979489095666742
911276746271780
907532273311610
1276483382745877
474713970619883
3722843841172320
768821300438144
943242182927874
129873539134666
297889828587460
868767593701789
1204125780001564
827691504832154
486987885979116
514987020119514
198595132006041
1736828856665678
4256724117694817
513986326705121
3067015293622819
2528289770808544
892564001322651
171508308209545
220996202808122
774048836596051
2877683189185827
296897965313464
3546081862164745
216481116655696
955665725169308
1156479174877231
323722622443768
275369854284246
133824308767150
971663990323798
607595716864201
1162249977626998
252959852828062
766633524045252
1758517770998132
842183137148001
963604661107712
155875399842596
1209693096130779
305746891100671
4080773448610324
369155594532344
672382620221326
2913347622281160
482511009661256
418759982717522
157380672896109
996231647579037
470705204128520
569630821215016
527174571650498
204743278625070
750224589009384
1232180784306191
3901598189924689
425465925213248
525233235524298
309775007197305
600191600957951
484904879224680
944094043074239
393410189368323
296581738627928
952382705529151
280950873444742
518283166292469
1183839742042258
161944863207253
629959318402058
3404964083111616
157031423048221
750980412256003
385408612658011
481018996665089
754663881836518
2904342603182252
312931753668183
813562726253111
1177418063190229
144316567707694
500456241140468
325905278971127
952096762230107
1126237321187202
785489538771017
137493051740553
1208767219584098
466228674800572
442360124728414
294950318963870
859456217973702
1237458380071804
907211416520386
511211223344854
468775014225361
308142817604264
3915728225194350
498699321315054
1483206522040932
275278667595184
3038491996474390
174252961271063
406155544136075
982635465761130
488706729545026
487134769163156
837841883999570
139649791479342
314697056729606
207677941168559
816933869208434
316099820033165
153339700720360
755221825364231
326024325530759
1204851569973112
468819854380752
393749665082316
368581564584341
1186787678535356
509441897145330
964412277696911
1336186343420323
484259990508909
947057529372927
549468669371165
215879933685107
3111582622495647
499535628075766
2944757389103020
190237626258692
319703489573955
4174356222627621
403070574008699
731070091489705
580345709599376
168606158508493
228145278648620
248845493671992
533028054363904
164673222336129
332851411776281
5576404379059265
889922984895881
1187737001672836
317064433456112
798488094187900
465809501163512
781721402737070
174311024576087
185577700095106
4037490442984863
3529663243925335
491129892311587
468770201050782
471229843979746
333214311477850
3974362295986151
332769088248106
167730815190387
540815153754085
512629713090585
522170428963171
848379726025634
342784034125217
1944812625672708
1143787519475554
518731212843236
112743438227050
3038538576390135
798429247478749
291250675954961
1123672604793334
171205434904052
2303944906404448
976296633122644
828819934703272
160112219383700
456406085420953
206444205208519
302652098119237
485979589220208
158435932892970
815001922482401
294025669007924
246429313937994
151107490297043
462918471454169
574125533550758
872183310315510
2889458084662437
897023654208063
210565967238121
3946648958786909
476800076890761
294011972373521
167118045329778
482239986320099
1907093542773318
811418269755216
213520410357237
811280373129294
239943934683187
821566475461405
372618557525890
316344963349856
487579512486876
169750721734147
133817612099164
1621824691540602
734297167967261
780651322587808
250835056830589
470762910704674
2073402289483308
744109140062313
555762842477528
492238441897652
385787879492078
485895189399342
464717494815981
498587031280090
825904074949113
297469905427523
267168005087850
176719734352540
1184620001969317
292327992376372
501105221023625
517540412764071
189440973540262
311361167186831
524423375221425
306633234398844
244059064145963
251608563383528
275085424347030
213166743685089
3114146002178207
840767013462361
2287668438031230
231795238743713
393011275157823
508251003689727
1780594512112629
4012329355530327
736796970329868
740627959938943
2037825166369660
323583155828490
165185892204000
160447239665677
511218803244955
939724190191368
210337554090016
504236027280322
320888619642168
205483141158815
166136935445156
312946950283263
173095661486852
481627249818301
513528643155975
365482158228240
2938081419813391
404230961815305
319048342924389
465232747905103
953610452080369
1007571866714652
228471371951481
248222750428965
227943169099371
644655073060889
516905706143791
182314590452205
308836214188677
972358679967926
945718649303490
479979776575429
2333056760182208
1997752383715447
1138445926717661
5558054694236875
306032347818577
1435020413525636
936007067164954
611053466956872
499457057865626
236599378258771
3586060774831293
508500646987008
376633261116653
1668529003486997
136179898501082
142796797834461
940308863466795
249827206931169
4291111064233272
491516222038176
279779843863801
1396093627435658
566463717659209
1091866564681680
163884055548625
187510273226579
235543418369622
185642386644036
208784624110985
922251615236670
483560472947571
842972046616751
522779048878647
2848775712055639
268916921636766
326016605522710
3166470526913852
1289083801488709
281304686975591
226147649635350
375903500470382
927240781381806
2868688193460180
307216100861800
575278294340133
288117832964577
876589856253587
153159593414285
715887690158618
463182774985053
373440254001657
2825190677705010
1090627471449778
473665333745818
295133675529523
333959074823235
216769426571819
161781359227704
127068623545977
432757878317796
1096894500833112
807011483576475
2793207021008467
520138576034067
188212123171032
300764151768446
963738331047716
2914153572165341
279151227248052
288517392770275
1091149901410323
759207348117150
292603635746285
529594438163553
569082887396712
204992844887146
468538494242405
822159412071312
295447585492136
140483958109588
161007179204477
140045738150789
305961364399729
1012908519242002
1214025325717689
493731931813773
508692220541605
1745728595619168
479250710076865
266006048589376
368788184574674
861011814494091
304350378308866
513945396446028
297626558564044
903834547061687
1189337111537240
842741859611073
243534544125677
732267034694078
1476883635976321
219568882931619
292863148844225
188680093571034
886931408521814
1196965714081763
2821385841525601
339376417534581
505903340541813
924388308135152
962289097873318
899953280608246
1484951121975966
489451828838890
837430816851024
753533402004510
234938081764077
836454266952596
198060348654256
206463837760060
960683501342172
4613320812017245
290184146160804
463783508188343
592090989370326
3969917539722793
1921985364624718
808243360113660
928764854602794
749490335936974
281713580496591
148485914437121
934274790479507
769640360401191
150796216941872
218520703120292
146040270840049
4183364141682825
482731053515547
4052638291442243
501192917688511
239059984639223
4238316722859737
147909180916541
538256963827256
224168659513209
465852098022353
1235385536881300
526745315377069
211403237221313
927646297969547
1354583788248121
534148164260810
2832294843752939
290556346004070
553969882673886
904444116955750
225599805570186
512075156816393
404643253881014
311104003948173
3781218218653259
135493908622566
327961432277854
1204881869933986
862216385138727
162650602456959
844092596481005
629235331374669
508753747239700
514736669861245
155250306487512
2695923870698166
164597132225946
213182687017162
1121001268411069
627634381549519
848439096022409
1886455711510400
1117334568775680
262785452708835
487592879252356
162958062431015
3921858017907252
1718868484952492
178039811262004
5191413367580302
1693937444111846
327659052196751
1964943976993376
478736940118533
186032050061168
1343228942724695
767687587448433
1240025749751669
481127583104463
227439612518326
477308550200788
782500239297930
136438981813441
1514594228932059
300974838398383
574138444216731
811728706406362
2547328022240491
2895338970784027
476737720197481
1408960799476554
266872135139133
648086880193508
1793735287464364
1386798861845563
922689001895285
396135961430083
4007165926036865
2413897832088541
301894651436006
1387300531669648
943784586163813
316846713157334
912947476162632
788982348417622
750179018995658
458909775217044
741144153249594
614805949900273
301273161700298
852593095768687
187252186585450
4213991495314165
820832828834800
415065916876970
629962711297116
739351013403187
2718265125103173
522592335782582
505913823789003
472724403787778
301126881617807
506125924071356
901125863783251
2378007389009476
365600161556003
1368133640223922
672568017208715
507471083733329
866075407309746
527136732027321
755035135132573
770273063674256
2923399607907615
1006442963094082
949681785864443
4284823318205305
284659386628660
1182204272251313
234362285139581
611302189829737
459936608595867
1130326604134622
3985863331529105
292583055741283
195815242271672
565734484393629
2527023960939779
369324717847689
299487878454674
3442622925839850
357979436226196
147879100588220
897237857498820
294101549089181
206029421139048
2285459428275472
500960738571792
2642857686023438
844470573087593
131282785624900
900756237162319
2558537997773234
2874845529420890
1780901782109758
218846407001101
1075660386403301
834929507432153
483817132675422
245168210795515
290531369478410
127912873108755
494998888204522
130512185793024
807276723219372
313395850152686
908569679938418
1982955568509610
1160012417846641
980964669311802
2837833536461438
221673852679724
500742577955414
524409825606234
944910062991328
299652788336509
216476053373683
1177148412766758
1180300995725561
508361583492477
306031207583620
465780478058811
736299793707309
773398740029069
204321711293431
163508299022729
1707219116145089
941459516672041
531873921220934
784470268915256
383312949511784
1439933133146632
503553374461439
372458134199904
818801662066958
785400702362271
126441536100385
834129437189468
468614644210217
220129032880680
117208480394039
1122011428298451
308596147471912
280484520477863
2217585155045179
187357749878004
467650357865474
370502557603420
1094954271314691
818045215805470
1175339142919391
154770379860078
1224078834771165
483593696214653
273304037852858
195897792382324
674731257501879
333137894839841
466163677993591
219996656550725
1393520891013909
478325426788817
826901991570216
3913319375453385
460086325091497
901722464003832
239760854590432
475836926974976
492987581829500
1354423448291967
823259451627299
431525418589283
3800135266706327
456323355666558
174945111245316
505172497276455
173693167867864
136042991893165
322537099203279
501743810959208
789178535042815
334379571358585
1641912722671859
2557085277932438
844716882803395
2861591020722727
354300216055703
464373667955725
775191043392976
479108989975376
238209134770015
951432195612165
177498334160339
593744168321476
214877686807736
372319377431289
287046939743606
504256790714153
216719786949310
520810872438278
1065955857261804
219296816288285
423245806107572
221623799297178
139875294911908
494605871855793
2040891692717142
1297887544045249
293214062284774
1126705471169466
254946659662458
960078471455978
1927683270730472
752931518738047
132557899137367
288931476238659
418605759181320
152188406782124
170627021732035
1097717794052951
379822926673700
339621504256167
137825741697799
3907005139395464
415677977219318
308571730793831
898469374269903
1138176703415940
847103745883762
294336035504000
225194342277381
794229028145107
1425388501154497
994201564317273
768472660529934
146195574141934
826627367966252
157689516310234
595148128075463
765404064343354
706111863915091
139213344933709
768085593897096
542368663799439
260339442485086
195867145699202
371365820965591
159105832811230
970581266812364
299609301762578
318184199700467
2876809265928109
829089991347257
373988233862919
1123889794754122
598737394447268
3978272868877543
510804743617943
497639751384960
195400005644113
756006171727180
1577226569370154
121940969926246
139734641459038
158888306191707
1147497572381215
1022284531884867
217134110228521
189606749553432
742953539720085
2539678326328375
297630542019553
320027992796215
831588381120975
201069365020895
305264054546321
530689167924623
800068843959335
5438720546199592
248210777083257
491222501970237
454746892257445
170436974874458
214306493471153
738650183471389
926420168141112
2964688500485624
830850730849162
484248369486039
690642559251980
321235156739298
1131077874025398
474605943752081
514400169738201
756303885009799
455593795534053
158605456212036
1164915830597485
343854547174057
451897842550286
559154391717347
296176501976597
2569651506672182
1120270815116474
493766525002033
371075350988110
2658189504481121
391641248602977
285645959883718
3982410465138965
2828605787453107
2913342902244253
318139727170920
946178949528762
764027440926881
335230431444825
171612628226489
207472640957131
918370382064248
2853679658180459
463088068084200
510631670308285
811805609457740
582208962771393
951018915801524
229343492286351
313948493428739
1085787398578373
843430123048420
150858196983363
296155088780765
1131106934053513
880489502809517
477478940197103
525095898650172
816823839241749
297530895330944
147014920777975
506801403683601
279238913933649
164221108885342
189428559691942
948649135966266
495769128287294
307043947837123
814811235833233
512736873190663
1876235305878116
170488114995348
305049117661838
319504363076331
464530948177561
2871527163088729
734596510543692
205078488106547
870838564303525
1720278514846210
1598164197048796
196237278985102
485702636022936
314954003366021
242930644250361
142884571092652
465420341336447
496642404698178
2909589662646730
973176037001933
528945284797767
470720370681853
1144014676099783
187701806555366
1388061898238917
495728718246755
223366112895404
901405053757607
375128770495443
1445834062461560
494055825172331
528432674836609
488055792507417
176478251048028
489411689156798
272439467917728
754531558566614
191708249970234
1161883980902774
209090550774055
567082020940294
1170015203451379
497284174791625
175537637784328
298782785286175
243596024206175
1031017470764576
183175620241096
956791391722658
741921436474950
203640398026358
2620264648110521
318249743004684
539758453687553
334834407986948
139768914837931
195224839110577
475816316966490
622985372435483
3667832119989380
616399352641126
288854406168782
3594665567306600
834035393871316
760378151292585
233079818614754
1425251004499456
962382894580128
211570503874784
321277716060336
330539718561909
207541424243512
513506623051862
343046900484652
471605110818296
1110783136098050
135994178547304
138636528260467
975915386554623
3622577527968276
309473224071238
815030159109470
281211800400020
329662382108556
1429218644089225
1398463280524268
377989466884134
781682726076750
763913180784953
4249521588426339
158090176564594
3949162898533064
167718382020564
321981056083521
158146696254945
300292071561827
1324290121363309
329439598749065
292039952544187
4081195941986565
323864355779689
750816108851769
161535355977143
763592091015378
777772222924394
467887034466030
804932887102088
853792398818725
809101257085345
271542371323964
800459827262410
3006651392899419
159761279437863
513338513155477
1141903163192743
3738548882921609
250763850167292
2947668242134149
3682785975165803
320304112812049
2240663286071990
4292750750820934
477930673260693
534931134555580
490547579033630
5469874236410988
659282521866360
764987560826213
331568809138493
307723734067794
3932656696855753
248183480330003
1189051474971092
301489884784326
993809814551866
753044042046482
313612076808199
498200994931778
543215669998682
528825951446553
141343381427221
159525386128392
4069355566436592
228677065724569
134581041992754
786927352183225
470356514185720
1401731380179866
297756245308812
157776486348145
859005141720254
169008891895196
2585473018424429
875585129726900
336037694610093
2887994558109274
469181144361741
868553993740659
1018847975519309
807261933255717
297737508484812
736082341150241
3998177020269791
128198979300311
798418794204360
497513808350540
223822379509228
2807603229554880
477174193511535
816885009181559
500299917681093
1127734451059021
513410393172665
769542187259238
549553363097172
305237327875550
525255175160833
541813023820431
516663243026910
267406111733456
523868695661092
574199796899968
302458041324633
914023546095995
1562296133975847
560531001681355
762919234588030
135775055252271
3817189325076704
317831209778568
295756015491015
473303978002585
291665575919806
295174002096998
511073976591879
278537887250450
1403576646685471
513385226736005
1630798687296770
286443496475720
921286668414553
1978015872349792
740897379925313
2947510908901832
1366858870446931
322646395895977
761304834539924
506455824110763
292479182474336
922328751811978
491662942147730
1771062003074588
187946436516335
5658313134197397
176093627726479
779210469465531
597057061668255
1783682121815617
1014202159113566
799167970726781
161284455866647
138023801599703
805481097036943
221230739401373
261591485649871
320464172823118
3639306239627047
4626725957344425
931560074308251
332411875112897
504769327331793
758847138327526
809172669805826
2629027857395119
712633666397447
317552966394290
322167486061290
471107757457812
1812572782255684
114901251094455
522671109141538
216054823363879
731932434141679
815086462772149
213443306900128
608522386772698
202622835035834
163347699042523
152816180141550
209736277369047
780092049340116
182876234213369
485405766000852
2934221900230833
216237796705112
3013786622281843
377403756966357
278102747321362
1662939457232665
1860299624120339
1091710211410691
465437791409896
